image: /home/lentin/Desktop/willo.pgm
resolution: 0.050000
origin: [-15.400000, -17.000000, 0.000000]
negate: 0
occupied_thresh: 0.65
free_thresh: 0.196

